14 54
29 55
47 39
58 27
44 24
35 23
24 49
54 30
42 46
22 38
33 33
52 44
14 20
30 21
57 52
42 57
37 35
54 34
41 18
56 12
57 50
42 32
32 23
12 31
25 37
31 22
21 52
12 32
37 13
26 18
15 54
28 47
31 51
13 56
51 37
58 45
48 30
53 41
56 25
55 53
49 43
10 54
19 32
41 45
59 31
30 19
20 55
42 19
31 13
56 44
14 25
10 21
31 32
36 41
20 33
15 40
22 21
53 32
48 54
35 16
53 40
22 18
47 54
55 17
25 47
34 25
21 36
24 50
56 52
21 55
18 31
22 25
48 16
22 21
26 50
44 21
38 35
15 54
53 14
21 57
34 52
32 13
42 19
47 22
23 41
27 37
28 39
12 59
33 49
28 10
18 53
12 25
25 57
11 50
14 27
10 39
44 22
27 59
51 45
26 40
55 44
12 36
30 16
34 12
56 24
55 49
46 13
38 39
24 57
33 49
35 45
46 25
58 39
50 57
26 58
50 56
43 54
21 19
40 18
31 22
46 48
13 32
20 17
35 48
19 35
57 24
57 20
22 27
53 16
16 17
53 26
41 34
44 25
11 58
12 19
24 25
23 56
45 55
17 32
16 45
43 31
12 49
47 10
16 10
57 12
12 47
42 15
22 57
47 49
26 33
42 50
17 30
57 11
47 28
42 56
29 29
34 37
45 23
26 40
23 51
36 52
52 54
16 18
34 18
48 47
45 38
45 41
59 17
32 52
51 56
30 26
17 15
33 18
43 21
32 37
53 23
38 22
39 52
46 51
24 50
41 23
33 16
35 35
21 46
29 16
27 28
31 49
30 10
11 41
18 44
34 16
32 29
10 57
45 29
16 58
41 39
21 23
14 35
27 11
30 25
13 20
35 18
39 38
10 46
52 28
11 45
55 38
30 52
15 11
50 38
33 32
51 40
43 16
49 46
41 14
27 44
46 48
50 54
48 12
24 31
42 56
52 50
19 23
35 24
26 28
46 40
19 47
54 53
55 35
29 43
29 59
26 19
46 11
45 45
15 10
26 55
37 38
32 12
52 30
55 48
19 30
49 13
45 52
22 17
35 27
32 36
59 36
41 50
25 15
39 20
31 17
22 21
24 46
45 10
49 51
21 39
34 11
30 25
44 26
50 15
40 17
40 39
58 37
23 44
22 39
52 32
11 50
44 22
11 16
33 19
50 59
57 27
54 57
53 18
28 51
59 41
27 38
21 24
28 34
17 42
19 26
29 23
46 13
48 47
18 48
50 45
32 29
14 15
35 12
28 55
18 42
27 29
20 17
21 28
10 37
16 19
49 45
26 54
13 55
16 35
39 37
35 12
14 14
13 13
59 20
28 28
40 39
19 45
11 31
20 28
28 42
45 39
31 52
50 43
50 48
22 55
10 45
51 26
21 39
54 22
42 22
13 31
32 19
37 42
50 20
51 33
29 13
46 28
11 26
25 16
48 27
11 37
40 56
35 35
12 52
34 35
10 17
24 44
11 12
29 28
20 12
31 31
44 12
32 53
16 55
58 31
46 38
40 21
13 31
55 18
24 43
32 56
36 38
30 28
54 31
15 40
56 17
52 50
15 51
43 19
25 49
25 45
48 50
36 20
40 29
41 23
20 18
50 19
33 35
50 38
46 23
19 46
37 27
37 34
21 44
34 29
42 51
17 13
44 35
58 41
32 39
17 24
10 47
23 35
24 30
27 41
32 20
17 41
40 29
13 33
33 39
51 48
48 24
51 37
51 53
29 22
33 30
54 45
27 12
38 36
58 22
17 51
39 58
51 16
50 36
35 48
19 46
40 43
47 36
37 30
13 53
27 29
15 55
29 32
19 27
17 44
50 15
44 29
55 14
48 42
41 23
32 48
20 38
11 24
39 23
16 50
13 36
36 19
38 26
50 55
50 13
59 45
29 54
13 36
24 47
58 54
11 32
15 40
28 10
56 49
46 53
52 34
47 31
20 12
16 42
47 10
19 45
52 30
49 25
39 12
56 54
49 14
40 34
42 12
42 51
48 53
10 54
45 55
14 36
44 25
56 41
14 35
35 48
38 43
11 11
37 54
40 42
21 22
46 10
50 27
19 31
35 20
41 13
51 34
15 12
22 23
48 55
28 48
12 21
48 48
55 26
25 17
29 57
26 48
20 37
48 41
53 45
53 37
40 26
16 23
15 52
17 31
29 33
20 36
19 11
47 55
49 42
37 19
32 33
56 25
10 41
23 24
55 27
59 45
26 17
20 41
22 54
10 53
46 20
13 11
46 56
40 56
10 44
52 18
25 42
36 50
23 14
58 47
52 19
12 16
30 21
38 28
19 10
26 59
47 10
20 30
34 37
42 31
23 38
35 43
14 21
42 55
44 38
12 36
47 59
28 27
48 23
13 13
20 57
31 36
21 47
56 27
17 46
10 58
25 27
39 40
21 47
18 35
58 27
15 30
40 27
42 14
11 16
36 38
27 38
32 47
58 52
18 52
20 15
39 43
58 50
17 34
24 36
12 38
39 27
21 57
15 54
35 24
12 19
45 52
10 32
43 55
20 53
12 34
32 58
18 54
30 24
57 47
19 49
26 24
56 36
31 24
32 46
23 36
51 55
32 11
42 35
19 55
22 31
11 43
28 19
52 28
33 13
12 36
33 10
26 27
34 22
18 12
43 20
56 47
39 44
16 47
53 18
43 29
30 31
13 27
15 47
40 32
38 48
12 39
10 38
13 38
33 22
22 44
59 49
32 12
15 12
28 42
36 37
31 51
20 31
17 51
30 19
24 37
37 14
24 32
52 43
10 47
34 39
10 55
38 23
26 55
26 54
53 21
28 58
50 13
43 24
58 55
13 30
45 12
54 51
30 51
28 33
11 45
44 56
36 31
29 22
24 40
21 19
43 56
47 45
47 11
14 18
59 22
27 54
10 23
24 13
19 30
41 30
38 44
59 19
31 11
36 51
27 51
53 47
35 26
40 13
38 42
56 40
42 10
56 52
30 46
25 42
36 43
10 55
17 54
42 19
40 46
36 37
15 37
49 32
38 53
46 38
19 15
55 11
51 45
55 56
10 46
28 10
51 17
14 22
13 26
10 50
27 25
14 38
20 24
39 32
29 36
24 37
22 26
34 27
39 28
16 57
56 11
56 59
37 50
51 46
26 59
37 22
49 15
13 20
17 30
48 55
57 58
39 50
54 41
36 55
23 52
46 14
50 10
13 21
54 48
52 57
53 12
19 36
31 56
42 35
24 49
52 47
23 47
59 46
34 46
16 41
36 33
10 13
26 51
15 37
59 22
16 40
10 39
50 27
12 27
46 24
17 50
44 54
55 59
26 33
48 58
54 33
11 57
32 51
19 12
39 46
16 45
55 22
19 25
12 15
52 20
46 26
54 29
15 33
59 17
22 37
14 48
21 14
13 31
13 26
20 28
37 31
26 25
45 34
54 46
26 18
46 26
28 48
14 32
47 35
29 11
12 35
15 26
18 47
39 56
57 40
46 40
10 35
16 41
53 27
52 36
16 33
58 38
12 54
50 40
16 50
15 16
45 10
36 39
12 31
31 56
14 14
26 13
40 33
44 34
11 57
37 10
38 20
13 10
17 57
49 59
11 58
58 22
11 14
23 36
54 29
48 21
31 22
40 10
42 18
59 24
15 25
55 13
15 12
54 33
48 35
11 30
13 51
38 19
24 39
45 35
45 44
58 15
21 27
29 33
24 48
34 27
29 39
18 23
45 20
59 22
45 50
38 52
39 11
30 55
54 11
27 12
17 19
33 44
39 35
15 22
12 13
54 37
54 30
23 16
59 21
21 19
38 34
30 11
45 53
27 50
30 37
38 51
33 45
10 35
24 16
34 19
34 56
15 30
11 35
15 45
53 37
42 49
24 37
56 24
45 30
24 22
50 21
49 50
43 29
21 34
51 25
29 46
22 58
48 17
34 41
30 36
22 46
42 52
50 34
23 54
38 52
15 30
11 35
47 49
53 34
25 57
48 54
57 44
18 40
36 18
28 43
39 41
19 42
19 15
57 52
20 19
55 16
48 27
41 12
14 15
12 18
59 12
25 23
13 24
53 23
12 44
33 11
10 51
10 12
41 24
46 53
14 36
11 48
53 22
54 44
22 37
53 46
52 29
15 57
56 27
32 52
58 50
14 25
29 32
11 29
27 27
44 29
19 59
23 10
18 13
10 47
32 39
55 59
45 55
22 59
57 59
28 34
21 37
46 16
38 11
18 51
12 58
40 17
18 37
39 15
43 23
41 32
14 56
59 10
32 57
47 53
58 22
49 36
40 26
28 26
31 36
15 37
12 23
36 17
52 39
33 10
42 58
40 50
27 14
57 10
59 43
57 39
39 18
11 45
38 46
45 26
15 39
36 23
55 52
52 31
23 31
56 19
19 15
58 38
57 34
33 32
32 44
30 55
52 14
19 45
19 24
56 47
34 18
44 15
21 11
51 56
55 25
